775 1
973 1
824 1
561 1
792 1
890 1
659 1
578 1
774 1
692 1
975 1
893 1
876 1
959 1
888 1
871 1
960 1
626 1
795 1
463 1
837 1
606 1
614 1
928 1
853 1
622 1
993 1
894 1
829 1
770 1
904 1
910 1
780 1
689 1
821 1
985 1
861 1
902 1
942 1
843 1
938 1
657 1
827 1
999 1
831 1
673 1
1 1
1003 1
916 1
762 1
920 1
839 1
701 1
668 1
899 1
948 1
635 1
784 1
915 1
998 1
766 1
436 1
898 1
603 1
650 1
946 1
864 1
897 1
456 1
702 1
636 1
704 1
801 1
634 1
961 1
884 1
716 1
881 1
965 1
1002 1
763 1
449 1
994 1
680 1
787 1
605 1
737 1
688 1
862 1
1004 1
905 1
583 1
761 1
595 1
830 1
996 1
838 1
844 1
834 1
759 1
977 2
940 2
742 2
969 2
886 2
891 2
895 2
912 2
850 2
475 2
743 2
939 2
988 2
989 2
740 2
868 2
958 2
620 2
630 2
713 2
793 2
885 2
534 2
724 2
873 2
972 2
842 2
968 2
887 2
677 2
970 2
416 2
757 2
794 2
962 2
882 2
966 2
631 2
874 3
911 3
878 3
779 3
866 3
78 3
709 3
512 3
935 3
870 3
997 3
978 3
646 3
782 3
109 3
637 3
567 3
522 3
984 3
945 3
903 3
986 3
769 3
439 3
810 3
983 3
781 3
727 3
348 3
848 3
596 3
682 3
745 3
632 3
805 3
749 3
712 3
629 3
796 3
276 3
697 4
800 4
507 4
202 4
111 4
783 4
676 4
722 4
825 4
906 4
741 4
778 4
574 4
479 4
867 4
991 4
857 4
652 4
315 4
817 4
398 4
609 4
806 4
814 4
414 4
645 4
855 4
785 4
852 4
889 4
786 4
934 4
836 4
415 4
382 4
751 4
760 4
584 4
715 4
799 4
923 4
797 4
639 5
330 5
289 5
833 5
383 5
519 5
119 5
791 5
721 5
849 5
767 5
577 5
811 5
869 5
813 5
980 5
110 5
819 5
693 5
736 5
1000 5
435 5
559 5
616 5
599 5
669 5
1001 5
752 5
967 5
964 5
705 6
594 6
540 6
623 6
952 6
556 6
619 6
739 6
432 6
937 6
564 6
613 6
735 6
369 6
909 6
625 6
476 6
835 6
386 6
617 6
72 6
638 6
472 6
807 6
718 6
591 6
628 6
841 6
402 7
936 7
227 7
686 7
454 7
854 7
558 7
553 7
955 7
974 7
954 7
598 7
67 7
539 7
947 7
687 7
696 7
729 7
341 7
585 7
43 7
907 8
919 8
528 8
730 8
664 8
717 8
771 8
726 8
364 8
951 8
865 8
279 8
488 8
610 8
694 8
354 8
733 8
649 8
538 8
604 8
600 8
530 8
130 8
723 8
554 8
683 8
851 8
706 8
877 8
927 8
971 9
505 9
239 9
175 9
647 9
678 9
719 9
957 9
514 9
953 9
618 9
764 9
410 9
451 9
535 9
471 9
319 9
477 9
487 9
627 9
804 10
643 10
49 10
247 10
981 10
50 10
219 10
491 10
931 10
597 10
71 10
228 10
644 10
267 10
521 10
695 10
565 10
818 10
674 10
575 10
270 10
930 10
789 10
976 10
929 10
624 10
924 10
921 10
926 10
883 10
672 11
70 11
563 11
517 11
656 11
217 11
384 11
516 11
403 11
465 11
224 11
246 11
925 11
822 11
144 11
777 11
651 11
503 12
641 12
501 12
287 12
555 12
725 12
112 12
344 12
324 12
892 12
374 12
298 12
551 12
541 12
582 12
399 12
987 12
527 12
22 12
734 12
536 12
134 12
334 13
433 13
120 13
956 13
156 13
640 13
768 13
277 13
815 13
185 13
523 13
690 13
816 13
274 13
872 13
497 13
728 13
621 13
117 13
933 13
77 13
803 13
708 13
587 13
922 13
758 13
297 14
396 14
557 14
350 14
75 14
570 14
98 14
102 14
823 14
148 14
566 14
860 14
307 14
542 14
97 14
192 14
666 14
262 14
765 14
720 14
349 14
76 14
579 14
662 14
913 14
220 14
335 14
257 14
125 14
753 14
293 14
99 15
573 15
328 15
917 15
391 15
431 15
914 15
908 15
840 15
572 15
469 15
484 15
918 15
756 15
589 15
248 15
313 15
127 15
470 15
66 16
602 16
347 16
681 16
322 16
663 16
260 16
240 16
325 16
407 16
700 16
446 16
186 16
608 16
332 16
468 16
101 16
406 16
699 16
748 16
122 16
299 16
679 16
710 16
537 16
241 16
52 16
343 16
502 16
500 16
259 16
496 16
331 16
372 16
378 16
461 16
235 17
569 17
532 17
511 17
140 17
392 17
499 17
425 17
8 17
429 17
428 17
9 17
358 17
529 17
100 17
265 17
139 17
949 17
360 17
896 17
525 17
353 17
352 17
359 17
149 17
317 17
900 17
273 17
104 17
266 17
707 17
447 17
592 17
452 17
216 17
323 17
345 17
504 17
370 17
90 17
510 17
754 17
213 17
161 17
294 17
124 17
264 17
466 17
237 18
25 18
242 18
448 18
826 18
747 18
388 18
576 18
73 18
26 18
642 18
193 18
832 18
88 18
457 18
588 18
150 18
990 18
442 18
548 18
545 18
230 18
146 18
33 19
91 19
445 19
581 19
309 19
828 19
568 19
607 19
310 19
316 19
312 19
272 19
776 19
39 19
385 19
15 19
671 19
203 19
164 19
34 19
665 19
467 19
85 19
45 19
544 19
198 20
478 20
37 20
845 20
387 20
12 20
136 20
346 20
275 20
197 20
444 20
401 20
562 20
560 20
485 20
200 20
571 20
196 20
847 20
311 20
204 20
225 20
118 20
32 20
304 20
661 20
302 20
207 20
413 20
7 20
36 20
205 20
590 20
291 20
714 20
268 21
400 21
453 21
244 21
178 21
238 21
24 21
611 21
108 21
190 21
229 21
336 21
258 21
373 21
159 21
489 21
176 21
327 21
92 21
381 21
421 21
418 21
667 21
508 21
288 21
253 21
586 21
423 21
462 21
547 21
0 22
437 22
550 22
515 22
492 22
10 22
306 22
698 22
593 22
655 22
250 22
123 22
126 22
482 22
206 23
214 23
321 23
182 23
181 23
157 23
232 23
65 23
141 23
395 23
486 23
314 23
18 23
35 23
191 23
480 23
526 23
397 23
231 23
51 23
455 23
361 23
443 23
60 23
394 23
27 23
47 23
278 23
48 23
389 23
390 23
31 23
201 23
199 23
135 23
368 23
296 23
543 23
295 23
38 23
292 23
379 23
376 23
963 23
549 23
380 23
40 23
208 23
103 23
29 23
342 23
284 23
194 23
218 23
94 23
95 23
326 23
177 23
53 23
409 23
234 23
69 23
61 23
195 23
143 23
308 23
351 23
151 23
654 23
19 23
440 23
441 23
483 23
167 23
171 23
245 23
509 23
320 23
14 23
261 23
158 23
11 23
179 23
430 23
337 23
339 23
506 23
79 23
498 23
251 23
417 23
138 24
601 24
162 24
377 24
880 24
464 25
450 25
222 25
223 25
490 25
513 25
93 25
221 25
168 25
426 25
856 25
318 25
458 25
459 25
188 25
189 25
685 26
74 26
30 26
226 26
615 26
172 26
362 26
356 26
460 26
357 26
738 27
375 27
338 27
412 27
812 27
281 27
116 27
552 27
54 27
305 27
243 27
408 27
263 27
271 27
809 27
438 27
57 27
59 27
520 27
23 27
481 27
20 27
163 27
612 27
2 27
6 27
950 27
56 27
89 27
68 27
286 27
113 27
55 27
411 27
300 27
3 27
131 27
215 27
132 28
165 28
363 28
280 28
495 28
494 28
115 28
859 28
16 28
17 28
147 28
365 28
282 28
114 28
283 28
133 28
129 28
46 28
212 28
546 28
211 28
301 28
169 28
153 28
13 28
473 28
137 28
367 28
533 28
434 28
96 28
531 28
236 28
187 28
21 28
145 28
62 28
64 28
183 28
155 28
493 28
254 28
84 28
5 28
333 28
80 28
329 28
424 28
420 28
252 28
82 28
422 28
86 28
371 28
107 28
58 28
404 28
256 28
173 28
932 28
405 28
355 28
106 28
303 28
142 28
121 28
42 28
209 28
290 28
44 28
41 28
210 28
474 28
128 28
4 28
285 28
269 28
366 28
28 28
393 28
152 28
184 28
820 28
63 28
105 28
233 28
427 28
340 28
154 28
518 28
180 28
166 28
170 28
160 28
174 28
81 28
419 28
83 28
255 28
87 28
249 28
